year,month,rota,origin_icao,origin_city,origin_uf,origin_regiao,dest_icao,dest_city,dest_uf,dest_regiao,n_voos,n_cancelados,n_voos_com_clima,n_trigger_5mm,n_trigger_10mm,n_trigger_20mm,n_chuva_extrema_50mm,n_double_5mm,n_sem_clima,n_dia_pico_p99,freq_cancelamento,freq_chuva_5mm,freq_chuva_10mm,freq_chuva_20mm,pp_cancel_brl,pp_chuva5_brl,pp_total_brl,flag_bucket_com_pico_nacional,flag_covid_periodo,flag_covid_restrito,flag_estacao_chuvosa_tipica_destino,flag_estacao_seca_tipica_destino,flag_periodo_atipico_sugerido,flag_quebra_serie_vra_2016_2017
2016,1,SBCT→SBCB,SBCT,SÃO JOSÉ DOS PINHAIS,PR,S,SBCB,CABO FRIO,RJ,SE,14,13,14.0,6,3,1,0,6,0,0,0.9285714285714286,0.42857142857142855,0.21428571428571427,0.07142857142857142,464.2857142857143,128.57142857142856,592.8571428571429,False,False,False,True,False,True,True
2016,1,SBIP→SBQV,SBIP,SANTANA DO PARAÍSO,MG,SE,SBQV,VITÓRIA DA CONQUISTA,BA,NE,2,0,2.0,1,1,0,0,0,0,0,0.0,0.5,0.5,0.0,0.0,150.0,150.0,False,False,False,True,False,True,True
2016,1,SBBH→SBLO,SBBH,BELO HORIZONTE,MG,SE,SBLO,LONDRINA,PR,S,1,0,1.0,0,0,0,0,0,0,0,0.0,0.0,0.0,0.0,0.0,0.0,0.0,False,False,False,True,False,True,True
2016,1,SBIP→SBKP,SBIP,SANTANA DO PARAÍSO,MG,SE,SBKP,CAMPINAS,SP,SE,1,0,1.0,0,0,0,0,0,0,0,0.0,0.0,0.0,0.0,0.0,0.0,0.0,False,False,False,True,False,True,True
2016,1,SBSJ→SBSP,SBSJ,SÃO JOSÉ DOS CAMPOS,SP,SE,SBSP,SÃO PAULO,SP,SE,1,0,1.0,0,0,0,0,0,0,0,0.0,0.0,0.0,0.0,0.0,0.0,0.0,False,False,False,True,False,True,True
2016,2,SBGR→SBCT,SBGR,GUARULHOS,SP,SE,SBCT,SÃO JOSÉ DOS PINHAIS,PR,S,619,128,619.0,380,192,84,0,71,0,107,0.20678513731825526,0.6138933764135702,0.31017770597738287,0.13570274636510501,103.39256865912763,184.16801292407106,287.5605815831987,False,False,False,True,False,True,True
2016,2,SBDN→SBCG,SBDN,PRESIDENTE PRUDENTE,SP,SE,SBCG,CAMPO GRANDE,MS,CO,1,0,1.0,1,0,0,0,0,0,0,0.0,1.0,0.0,0.0,0.0,300.0,300.0,False,False,False,True,False,True,True
2016,3,SBCF→SBAX,SBCF,CONFINS,MG,SE,SBAX,ARAXÁ,MG,SE,4,0,4.0,1,0,0,0,0,0,0,0.0,0.25,0.0,0.0,0.0,75.0,75.0,False,False,False,True,False,True,True
2016,5,SBDN→SBPS,SBDN,PRESIDENTE PRUDENTE,SP,SE,SBPS,PORTO SEGURO,BA,NE,4,4,4.0,0,0,0,0,0,0,1,1.0,0.0,0.0,0.0,500.0,0.0,500.0,False,False,False,True,False,True,True
2016,6,SBSG→SBGL,SBSG,SÃO GONÇALO DO AMARANTE,RN,NE,SBGL,RIO DE JANEIRO,RJ,SE,112,0,112.0,12,8,4,0,0,0,0,0.0,0.10714285714285714,0.07142857142857142,0.03571428571428571,0.0,32.14285714285714,32.14285714285714,False,False,False,False,True,True,True
2016,6,SBBE→SBTE,SBBE,BELÉM,PA,N,SBTE,TERESINA,PI,NE,1,0,1.0,0,0,0,0,0,0,0,0.0,0.0,0.0,0.0,0.0,0.0,0.0,False,False,False,True,False,True,True
2016,8,SBFL→SBSP,SBFL,FLORIANÓPOLIS,SC,S,SBSP,SÃO PAULO,SP,SE,287,3,287.0,28,28,19,0,0,0,0,0.010452961672473868,0.0975609756097561,0.0975609756097561,0.06620209059233449,5.226480836236934,29.26829268292683,34.494773519163765,False,False,False,False,True,True,True
2016,9,SBPS→SBBR,SBPS,PORTO SEGURO,BA,NE,SBBR,BRASÍLIA,DF,CO,52,0,52.0,7,4,0,0,0,0,1,0.0,0.1346153846153846,0.07692307692307693,0.0,0.0,40.38461538461538,40.38461538461538,False,False,False,False,True,True,True
2016,10,SBSP→SBSR,SBSP,SÃO PAULO,SP,SE,SBSR,SÃO JOSÉ DO RIO PRETO,SP,SE,132,12,132.0,28,13,0,0,2,0,5,0.09090909090909091,0.21212121212121213,0.09848484848484848,0.0,45.45454545454545,63.63636363636364,109.0909090909091,False,False,False,True,False,True,True
2016,10,SBRF→SBMO,SBRF,RECIFE,PE,NE,SBMO,RIO LARGO,AL,NE,86,7,86.0,3,0,0,0,1,0,3,0.08139534883720931,0.03488372093023256,0.0,0.0,40.697674418604656,10.465116279069766,51.162790697674424,False,False,False,False,True,True,True
2016,11,SBRF→SBKP,SBRF,RECIFE,PE,NE,SBKP,CAMPINAS,SP,SE,93,4,93.0,31,10,0,0,2,0,3,0.043010752688172046,0.3333333333333333,0.10752688172043011,0.0,21.505376344086024,100.0,121.50537634408602,False,False,False,True,False,True,True
2017,2,SBCF→SBSG,SBCF,CONFINS,MG,SE,SBSG,SÃO GONÇALO DO AMARANTE,RN,NE,23,7,23.0,3,1,0,0,0,0,3,0.30434782608695654,0.13043478260869565,0.043478260869565216,0.0,152.17391304347828,39.130434782608695,191.30434782608697,False,False,False,True,False,True,True
2017,3,SBBR→SBPS,SBBR,BRASÍLIA,DF,CO,SBPS,PORTO SEGURO,BA,NE,56,6,56.0,12,2,2,0,2,0,0,0.10714285714285714,0.21428571428571427,0.03571428571428571,0.03571428571428571,53.57142857142857,64.28571428571428,117.85714285714285,False,False,False,True,False,True,True
2017,4,SBCY→SBCY,SBCY,VÁRZEA GRANDE,MT,CO,SBCY,VÁRZEA GRANDE,MT,CO,20,0,20.0,7,5,0,0,0,0,0,0.0,0.35,0.25,0.0,0.0,105.0,105.0,False,False,False,False,True,True,True
2017,5,SBPJ→SBPJ,SBPJ,PALMAS,TO,N,SBPJ,PALMAS,TO,N,1,0,1.0,0,0,0,0,0,0,0,0.0,0.0,0.0,0.0,0.0,0.0,0.0,False,False,False,True,False,True,True
2017,7,SBCT→SBPA,SBCT,SÃO JOSÉ DOS PINHAIS,PR,S,SBPA,PORTO ALEGRE,RS,S,360,90,360.0,36,13,0,0,9,0,0,0.25,0.1,0.03611111111111111,0.0,125.0,30.0,155.0,False,False,False,False,True,True,True
2017,8,SBAX→SBCF,SBAX,ARAXÁ,MG,SE,SBCF,CONFINS,MG,SE,4,4,4.0,0,0,0,0,0,0,0,1.0,0.0,0.0,0.0,500.0,0.0,500.0,False,False,False,False,True,True,True
2017,9,SBBR→SBSP,SBBR,BRASÍLIA,DF,CO,SBSP,SÃO PAULO,SP,SE,670,24,670.0,39,14,14,0,0,0,25,0.03582089552238806,0.058208955223880594,0.020895522388059702,0.020895522388059702,17.910447761194032,17.462686567164177,35.373134328358205,False,False,False,False,True,True,True
2017,9,SBVT→SBCP,SBVT,VITÓRIA,ES,SE,SBCP,CAMPOS DOS GOYTACAZES,RJ,SE,1,0,1.0,0,0,0,0,0,0,0,0.0,0.0,0.0,0.0,0.0,0.0,0.0,False,False,False,False,True,True,True
2017,10,SBIL→SBSP,SBIL,ILHÉUS,BA,NE,SBSP,SÃO PAULO,SP,SE,71,2,71.0,12,4,0,0,0,0,2,0.028169014084507043,0.16901408450704225,0.056338028169014086,0.0,14.084507042253522,50.70422535211267,64.78873239436619,False,False,False,True,False,True,True
2017,11,SBBR→SBJP,SBBR,BRASÍLIA,DF,CO,SBJP,SANTA RITA,PB,NE,90,1,90.0,0,0,0,0,0,0,3,0.011111111111111112,0.0,0.0,0.0,5.555555555555555,0.0,5.555555555555555,False,False,False,False,True,True,True
2017,11,SBSP→SBTC,SBSP,SÃO PAULO,SP,SE,SBTC,UNA,BA,NE,3,0,3.0,2,1,0,0,0,0,0,0.0,0.6666666666666666,0.3333333333333333,0.0,0.0,200.0,200.0,False,False,False,False,True,True,True
2017,11,SBPL→SBPL,SBPL,PETROLINA,PE,NE,SBPL,PETROLINA,PE,NE,1,0,1.0,0,0,0,0,0,0,0,0.0,0.0,0.0,0.0,0.0,0.0,0.0,False,False,False,False,True,True,True
2017,12,SBFL→SBBR,SBFL,FLORIANÓPOLIS,SC,S,SBBR,BRASÍLIA,DF,CO,76,1,76.0,24,21,12,0,1,0,10,0.013157894736842105,0.3157894736842105,0.27631578947368424,0.15789473684210525,6.578947368421052,94.73684210526315,101.3157894736842,False,False,False,True,False,True,True
2017,12,SBKP→SBPL,SBKP,CAMPINAS,SP,SE,SBPL,PETROLINA,PE,NE,32,2,32.0,3,1,1,0,0,0,4,0.0625,0.09375,0.03125,0.03125,31.25,28.125,59.375,False,False,False,False,True,True,True
2018,1,SBVT→SBGL,SBVT,VITÓRIA,ES,SE,SBGL,RIO DE JANEIRO,RJ,SE,172,38,172.0,71,48,24,0,18,0,6,0.22093023255813954,0.4127906976744186,0.27906976744186046,0.13953488372093023,110.46511627906978,123.83720930232559,234.30232558139537,False,False,False,True,False,False,False
2018,1,SBPJ→SBSP,SBPJ,PALMAS,TO,N,SBSP,SÃO PAULO,SP,SE,58,0,58.0,30,17,2,0,0,0,2,0.0,0.5172413793103449,0.29310344827586204,0.034482758620689655,0.0,155.17241379310346,155.17241379310346,False,False,False,True,False,False,False
2018,1,SBRF→SBGO,SBRF,RECIFE,PE,NE,SBGO,GOIÂNIA,GO,CO,32,0,32.0,10,6,2,0,0,0,1,0.0,0.3125,0.1875,0.0625,0.0,93.75,93.75,False,False,False,True,False,False,False
2018,2,SBGO→SBCY,SBGO,GOIÂNIA,GO,CO,SBCY,VÁRZEA GRANDE,MT,CO,74,14,74.0,48,29,9,0,10,0,8,0.1891891891891892,0.6486486486486487,0.3918918918918919,0.12162162162162163,94.5945945945946,194.5945945945946,289.1891891891892,False,False,False,True,False,False,False
2018,3,SBPJ→SBSP,SBPJ,PALMAS,TO,N,SBSP,SÃO PAULO,SP,SE,41,2,41.0,7,5,0,0,0,0,0,0.04878048780487805,0.17073170731707318,0.12195121951219512,0.0,24.390243902439025,51.21951219512196,75.60975609756099,False,False,False,True,False,False,False
2018,3,SBUL→SBBR,SBUL,UBERLÂNDIA,MG,SE,SBBR,BRASÍLIA,DF,CO,25,3,25.0,6,5,0,0,1,0,0,0.12,0.24,0.2,0.0,60.0,72.0,132.0,False,False,False,True,False,False,False
2018,3,SBVT→SBPA,SBVT,VITÓRIA,ES,SE,SBPA,PORTO ALEGRE,RS,S,4,4,4.0,1,1,1,0,1,0,0,1.0,0.25,0.25,0.25,500.0,75.0,575.0,False,False,False,True,False,False,False
2018,3,SBTE→SBBE,SBTE,TERESINA,PI,NE,SBBE,BELÉM,PA,N,1,0,1.0,0,0,0,0,0,0,0,0.0,0.0,0.0,0.0,0.0,0.0,0.0,False,False,False,True,False,False,False
2018,4,SBMO→SBRP,SBMO,RIO LARGO,AL,NE,SBRP,RIBEIRÃO PRETO,SP,SE,5,0,5.0,2,1,0,0,0,0,0,0.0,0.4,0.2,0.0,0.0,120.0,120.0,False,False,False,False,True,False,False
2018,6,SBVT→SBKP,SBVT,VITÓRIA,ES,SE,SBKP,CAMPINAS,SP,SE,89,2,89.0,7,7,4,0,0,0,0,0.02247191011235955,0.07865168539325842,0.07865168539325842,0.0449438202247191,11.235955056179774,23.595505617977526,34.8314606741573,False,False,False,False,True,False,False
2018,7,SBGR→SBCT,SBGR,GUARULHOS,SP,SE,SBCT,SÃO JOSÉ DOS PINHAIS,PR,S,566,16,566.0,0,0,0,0,0,0,0,0.028268551236749116,0.0,0.0,0.0,14.134275618374557,0.0,14.134275618374557,False,False,False,False,True,False,False
2018,7,SBSP→SBNF,SBSP,SÃO PAULO,SP,SE,SBNF,NAVEGANTES,SC,S,292,10,292.0,11,11,11,0,0,0,0,0.03424657534246575,0.03767123287671233,0.03767123287671233,0.03767123287671233,17.123287671232877,11.301369863013697,28.424657534246574,False,False,False,False,True,False,False
2018,7,SBJP→SBKP,SBJP,SANTA RITA,PB,NE,SBKP,CAMPINAS,SP,SE,31,0,31.0,0,0,0,0,0,0,0,0.0,0.0,0.0,0.0,0.0,0.0,0.0,False,False,False,False,True,False,False
2018,7,SBCF→SBFE,SBCF,CONFINS,MG,SE,SBFE,FEIRA DE SANTANA,BA,NE,5,0,0.0,0,0,0,0,0,5,0,0.0,,,,0.0,,0.0,False,False,False,False,True,False,False
2018,9,SBGL→SBFZ,SBGL,RIO DE JANEIRO,RJ,SE,SBFZ,FORTALEZA,CE,NE,192,0,192.0,0,0,0,0,0,0,0,0.0,0.0,0.0,0.0,0.0,0.0,0.0,False,False,False,False,True,False,False
2018,9,SBRF→SBAR,SBRF,RECIFE,PE,NE,SBAR,ARACAJU,SE,NE,91,2,91.0,0,0,0,0,0,0,0,0.02197802197802198,0.0,0.0,0.0,10.989010989010989,0.0,10.989010989010989,False,False,False,False,True,False,False
2018,9,SBGO→SBCY,SBGO,GOIÂNIA,GO,CO,SBCY,VÁRZEA GRANDE,MT,CO,73,0,73.0,5,0,0,0,0,0,0,0.0,0.0684931506849315,0.0,0.0,0.0,20.54794520547945,20.54794520547945,False,False,False,False,True,False,False
2018,12,SBSV→SBBR,SBSV,SALVADOR,BA,NE,SBBR,BRASÍLIA,DF,CO,224,0,224.0,91,51,12,0,0,0,0,0.0,0.40625,0.22767857142857142,0.05357142857142857,0.0,121.875,121.875,False,False,False,True,False,False,False
2018,12,SBJP→SBBR,SBJP,SANTA RITA,PB,NE,SBBR,BRASÍLIA,DF,CO,127,2,127.0,54,28,8,0,1,0,0,0.015748031496062992,0.4251968503937008,0.2204724409448819,0.06299212598425197,7.874015748031496,127.55905511811024,135.43307086614175,False,False,False,True,False,False,False
2018,12,SBGO→SBPJ,SBGO,GOIÂNIA,GO,CO,SBPJ,PALMAS,TO,N,110,2,110.0,38,32,21,0,2,0,0,0.01818181818181818,0.34545454545454546,0.2909090909090909,0.19090909090909092,9.09090909090909,103.63636363636364,112.72727272727273,False,False,False,True,False,False,False
2018,12,SBEG→SBUY,SBEG,MANAUS,AM,N,SBUY,COARI,AM,N,51,0,0.0,0,0,0,0,0,51,0,0.0,,,,0.0,,0.0,False,False,False,True,False,False,False
2018,12,SBKP→SBSG,SBKP,CAMPINAS,SP,SE,SBSG,SÃO GONÇALO DO AMARANTE,RN,NE,36,1,36.0,0,0,0,0,0,0,0,0.027777777777777776,0.0,0.0,0.0,13.888888888888888,0.0,13.888888888888888,False,False,False,False,True,False,False
2018,12,SBKP→SBSJ,SBKP,CAMPINAS,SP,SE,SBSJ,SÃO JOSÉ DOS CAMPOS,SP,SE,2,0,2.0,0,0,0,0,0,0,0,0.0,0.0,0.0,0.0,0.0,0.0,0.0,False,False,False,True,False,False,False
2019,1,SBTB→SBEG,SBTB,ORIXIMINÁ,PA,N,SBEG,MANAUS,AM,N,4,0,4.0,2,2,2,0,0,0,0,0.0,0.5,0.5,0.5,0.0,150.0,150.0,False,False,False,True,False,False,False
2019,2,SBKP→SBMG,SBKP,CAMPINAS,SP,SE,SBMG,MARINGÁ,PR,S,107,3,107.0,40,21,4,0,3,0,0,0.028037383177570093,0.37383177570093457,0.19626168224299065,0.037383177570093455,14.018691588785046,112.14953271028037,126.16822429906541,False,False,False,True,False,False,False
2019,3,SBCF→SBGL,SBCF,CONFINS,MG,SE,SBGL,RIO DE JANEIRO,RJ,SE,129,2,129.0,49,37,24,0,1,0,0,0.015503875968992248,0.3798449612403101,0.2868217054263566,0.18604651162790697,7.751937984496124,113.95348837209302,121.70542635658914,False,False,False,True,False,False,False
2019,3,SBCX→SBKP,SBCX,CAXIAS DO SUL,RS,S,SBKP,CAMPINAS,SP,SE,25,5,25.0,8,2,0,0,2,0,0,0.2,0.32,0.08,0.0,100.0,96.0,196.0,False,False,False,True,False,False,False
2019,5,SBRF→SBPL,SBRF,RECIFE,PE,NE,SBPL,PETROLINA,PE,NE,57,1,57.0,0,0,0,0,0,0,0,0.017543859649122806,0.0,0.0,0.0,8.771929824561402,0.0,8.771929824561402,False,False,False,True,False,False,False
2019,5,SBCX→SBKP,SBCX,CAXIAS DO SUL,RS,S,SBKP,CAMPINAS,SP,SE,27,8,27.0,2,1,0,0,1,0,0,0.2962962962962963,0.07407407407407407,0.037037037037037035,0.0,148.14814814814815,22.22222222222222,170.37037037037038,False,False,False,False,True,False,False
2019,5,SBCN→SBKP,SBCN,CALDAS NOVAS,GO,CO,SBKP,CAMPINAS,SP,SE,9,0,9.0,0,0,0,0,0,0,0,0.0,0.0,0.0,0.0,0.0,0.0,0.0,False,False,False,False,True,False,False
2019,5,SBFE→SBSV,SBFE,FEIRA DE SANTANA,BA,NE,SBSV,SALVADOR,BA,NE,4,0,4.0,1,1,0,0,0,0,0,0.0,0.25,0.25,0.0,0.0,75.0,75.0,False,False,False,True,False,False,False
2019,5,SBBE→SBRP,SBBE,BELÉM,PA,N,SBRP,RIBEIRÃO PRETO,SP,SE,1,0,1.0,0,0,0,0,0,0,0,0.0,0.0,0.0,0.0,0.0,0.0,0.0,False,False,False,False,True,False,False
2019,6,SBNF→SBGL,SBNF,NAVEGANTES,SC,S,SBGL,RIO DE JANEIRO,RJ,SE,37,0,37.0,0,0,0,0,0,0,0,0.0,0.0,0.0,0.0,0.0,0.0,0.0,False,False,False,False,True,False,False
2019,7,SBGL→SBEG,SBGL,RIO DE JANEIRO,RJ,SE,SBEG,MANAUS,AM,N,42,0,42.0,14,1,0,0,0,0,0,0.0,0.3333333333333333,0.023809523809523808,0.0,0.0,100.0,100.0,False,False,False,False,True,False,False
2019,7,SBUA→SBEG,SBUA,SÃO GABRIEL DA CACHOEIRA,AM,N,SBEG,MANAUS,AM,N,13,0,13.0,4,0,0,0,0,0,0,0.0,0.3076923076923077,0.0,0.0,0.0,92.3076923076923,92.3076923076923,False,False,False,False,True,False,False
2019,8,SBSP→SBFI,SBSP,SÃO PAULO,SP,SE,SBFI,FOZ DO IGUAÇU,PR,S,71,0,71.0,5,0,0,0,0,0,0,0.0,0.07042253521126761,0.0,0.0,0.0,21.126760563380284,21.126760563380284,False,False,False,False,True,False,False
2019,8,SBSR→SBRP,SBSR,SÃO JOSÉ DO RIO PRETO,SP,SE,SBRP,RIBEIRÃO PRETO,SP,SE,7,0,7.0,0,0,0,0,0,0,0,0.0,0.0,0.0,0.0,0.0,0.0,0.0,False,False,False,False,True,False,False
2019,9,SBSP→SBGL,SBSP,SÃO PAULO,SP,SE,SBGL,RIO DE JANEIRO,RJ,SE,1261,24,1261.0,188,41,0,0,4,0,0,0.0190325138778747,0.14908802537668517,0.03251387787470262,0.0,9.516256938937351,44.72640761300555,54.2426645519429,False,False,False,False,True,False,False
2019,11,SBAR→SBBR,SBAR,ARACAJU,SE,NE,SBBR,BRASÍLIA,DF,CO,58,0,58.0,18,6,0,0,0,0,0,0.0,0.3103448275862069,0.10344827586206896,0.0,0.0,93.10344827586208,93.10344827586208,False,False,False,True,False,False,False
2019,12,SBFL→SBRP,SBFL,FLORIANÓPOLIS,SC,S,SBRP,RIBEIRÃO PRETO,SP,SE,1,0,1.0,0,0,0,0,0,0,0,0.0,0.0,0.0,0.0,0.0,0.0,0.0,False,False,False,True,False,False,False
2020,1,SBMG→SBBH,SBMG,MARINGÁ,PR,S,SBBH,BELO HORIZONTE,MG,SE,1,0,1.0,1,1,0,0,0,0,0,0.0,1.0,1.0,0.0,0.0,300.0,300.0,False,True,False,True,False,True,False
2020,2,SBCF→SBVT,SBCF,CONFINS,MG,SE,SBVT,VITÓRIA,ES,SE,126,1,126.0,20,6,6,0,0,0,0,0.007936507936507936,0.15873015873015872,0.047619047619047616,0.047619047619047616,3.968253968253968,47.61904761904761,51.58730158730158,False,True,False,True,False,True,False
2020,4,SBGR→SBVT,SBGR,GUARULHOS,SP,SE,SBVT,VITÓRIA,ES,SE,52,14,52.0,6,3,0,0,3,0,0,0.2692307692307692,0.11538461538461539,0.057692307692307696,0.0,134.6153846153846,34.61538461538462,169.23076923076923,False,True,True,False,True,True,False
2020,4,SBGR→SBLO,SBGR,GUARULHOS,SP,SE,SBLO,LONDRINA,PR,S,2,2,2.0,0,0,0,0,0,0,0,1.0,0.0,0.0,0.0,500.0,0.0,500.0,False,True,True,False,True,True,False
2020,5,SBAU→SBKP,SBAU,ARAÇATUBA,SP,SE,SBKP,CAMPINAS,SP,SE,55,21,55.0,1,0,0,0,1,0,0,0.38181818181818183,0.01818181818181818,0.0,0.0,190.9090909090909,5.454545454545454,196.36363636363637,False,True,True,False,True,True,False
2020,5,SBGR→SBSG,SBGR,GUARULHOS,SP,SE,SBSG,SÃO GONÇALO DO AMARANTE,RN,NE,45,0,45.0,13,9,3,1,0,0,0,0.0,0.28888888888888886,0.2,0.06666666666666667,0.0,86.66666666666666,86.66666666666666,False,True,True,True,False,True,False
2020,8,SBKP→SBGR,SBKP,CAMPINAS,SP,SE,SBGR,GUARULHOS,SP,SE,9,0,9.0,1,1,0,0,0,0,0,0.0,0.1111111111111111,0.1111111111111111,0.0,0.0,33.33333333333333,33.33333333333333,False,True,True,False,True,True,False
2020,9,SBCY→SBAT,SBCY,VÁRZEA GRANDE,MT,CO,SBAT,ALTA FLORESTA,MT,CO,28,0,28.0,2,2,0,0,0,0,0,0.0,0.07142857142857142,0.07142857142857142,0.0,0.0,21.428571428571427,21.428571428571427,False,True,True,False,True,True,False
2020,9,SBGR→SBMK,SBGR,GUARULHOS,SP,SE,SBMK,MONTES CLAROS,MG,SE,18,3,18.0,0,0,0,0,0,0,0,0.16666666666666666,0.0,0.0,0.0,83.33333333333333,0.0,83.33333333333333,False,True,True,False,True,True,False
2020,10,SBCT→SBCG,SBCT,SÃO JOSÉ DOS PINHAIS,PR,S,SBCG,CAMPO GRANDE,MS,CO,21,0,21.0,3,1,0,0,0,0,0,0.0,0.14285714285714285,0.047619047619047616,0.0,0.0,42.857142857142854,42.857142857142854,False,True,True,True,False,True,False
2020,10,SBSP→SBGO,SBSP,SÃO PAULO,SP,SE,SBGO,GOIÂNIA,GO,CO,18,0,18.0,6,2,0,0,0,0,0,0.0,0.3333333333333333,0.1111111111111111,0.0,0.0,100.0,100.0,False,True,True,True,False,True,False
2021,1,SBCF→SBKP,SBCF,CONFINS,MG,SE,SBKP,CAMPINAS,SP,SE,219,9,219.0,77,39,6,0,6,0,0,0.0410958904109589,0.3515981735159817,0.1780821917808219,0.0273972602739726,20.54794520547945,105.47945205479452,126.02739726027397,False,True,True,True,False,True,False
2021,1,SBCF→SBSL,SBCF,CONFINS,MG,SE,SBSL,SÃO LUÍS,MA,NE,56,0,56.0,23,5,1,0,0,0,0,0.0,0.4107142857142857,0.08928571428571429,0.017857142857142856,0.0,123.21428571428571,123.21428571428571,False,True,True,True,False,True,False
2021,1,SBJV→SBSR,SBJV,JOINVILLE,SC,S,SBSR,SÃO JOSÉ DO RIO PRETO,SP,SE,1,0,1.0,0,0,0,0,0,0,0,0.0,0.0,0.0,0.0,0.0,0.0,0.0,False,True,True,True,False,True,False
2021,2,SBCF→SBSV,SBCF,CONFINS,MG,SE,SBSV,SALVADOR,BA,NE,150,0,150.0,17,0,0,0,0,0,0,0.0,0.11333333333333333,0.0,0.0,0.0,34.0,34.0,False,True,True,True,False,True,False
2021,2,SBFZ→SBSL,SBFZ,FORTALEZA,CE,NE,SBSL,SÃO LUÍS,MA,NE,25,1,25.0,17,8,5,1,1,0,0,0.04,0.68,0.32,0.2,20.0,204.00000000000003,224.00000000000003,False,True,True,True,False,True,False
2021,2,SBDN→SBMO,SBDN,PRESIDENTE PRUDENTE,SP,SE,SBMO,RIO LARGO,AL,NE,4,0,4.0,0,0,0,0,0,0,0,0.0,0.0,0.0,0.0,0.0,0.0,0.0,False,True,True,True,False,True,False
2021,3,SBFL→SBGR,SBFL,FLORIANÓPOLIS,SC,S,SBGR,GUARULHOS,SP,SE,168,4,168.0,32,32,7,0,0,0,0,0.023809523809523808,0.19047619047619047,0.19047619047619047,0.041666666666666664,11.904761904761903,57.14285714285714,69.04761904761904,False,True,True,True,False,True,False
2021,3,SBAU→SBAU,SBAU,ARAÇATUBA,SP,SE,SBAU,ARAÇATUBA,SP,SE,1,0,1.0,0,0,0,0,0,0,0,0.0,0.0,0.0,0.0,0.0,0.0,0.0,False,True,True,True,False,True,False
2021,5,SBFZ→SBGR,SBFZ,FORTALEZA,CE,NE,SBGR,GUARULHOS,SP,SE,206,3,206.0,20,7,0,0,0,0,0,0.014563106796116505,0.0970873786407767,0.03398058252427184,0.0,7.281553398058253,29.12621359223301,36.407766990291265,False,True,True,False,True,True,False
2021,5,SBKP→SBPV,SBKP,CAMPINAS,SP,SE,SBPV,PORTO VELHO,RO,N,35,0,35.0,7,4,0,0,0,0,0,0.0,0.2,0.11428571428571428,0.0,0.0,60.0,60.0,False,True,True,True,False,True,False
2021,5,SBSV→SBVC,SBSV,SALVADOR,BA,NE,SBVC,VITÓRIA DA CONQUISTA,BA,NE,13,0,0.0,0,0,0,0,0,13,0,0.0,,,,0.0,,0.0,False,True,True,True,False,True,False
2021,5,SBCJ→SBBE,SBCJ,PARAUAPEBAS,PA,N,SBBE,BELÉM,PA,N,9,0,9.0,7,4,2,0,0,0,0,0.0,0.7777777777777778,0.4444444444444444,0.2222222222222222,0.0,233.33333333333334,233.33333333333334,False,True,True,True,False,True,False
2021,5,SBVT→SBSV,SBVT,VITÓRIA,ES,SE,SBSV,SALVADOR,BA,NE,4,0,4.0,0,0,0,0,0,0,0,0.0,0.0,0.0,0.0,0.0,0.0,0.0,False,True,True,True,False,True,False
2021,6,SBMQ→SBBR,SBMQ,MACAPÁ,AP,N,SBBR,BRASÍLIA,DF,CO,35,1,35.0,0,0,0,0,0,0,0,0.02857142857142857,0.0,0.0,0.0,14.285714285714285,0.0,14.285714285714285,False,True,True,False,True,True,False
2021,6,SBGR→SBJD,SBGR,GUARULHOS,SP,SE,SBJD,JUNDIAÍ,SP,SE,4,0,4.0,0,0,0,0,0,0,0,0.0,0.0,0.0,0.0,0.0,0.0,0.0,False,True,True,False,True,True,False
2021,6,SBMG→SBLO,SBMG,MARINGÁ,PR,S,SBLO,LONDRINA,PR,S,1,0,1.0,1,1,1,0,0,0,0,0.0,1.0,1.0,1.0,0.0,300.0,300.0,False,True,True,False,True,True,False
2021,7,SBDN→SBKP,SBDN,PRESIDENTE PRUDENTE,SP,SE,SBKP,CAMPINAS,SP,SE,84,1,84.0,3,3,0,0,0,0,0,0.011904761904761904,0.03571428571428571,0.03571428571428571,0.0,5.952380952380952,10.714285714285714,16.666666666666664,False,True,True,False,True,True,False
2021,8,SBSP→SBPA,SBSP,SÃO PAULO,SP,SE,SBPA,PORTO ALEGRE,RS,S,305,6,305.0,60,29,10,10,0,0,0,0.019672131147540985,0.19672131147540983,0.09508196721311475,0.03278688524590164,9.836065573770492,59.01639344262295,68.85245901639344,False,True,True,False,True,True,False
2021,9,SBVT→SBRJ,SBVT,VITÓRIA,ES,SE,SBRJ,RIO DE JANEIRO,RJ,SE,153,3,153.0,0,0,0,0,0,0,0,0.0196078431372549,0.0,0.0,0.0,9.803921568627452,0.0,9.803921568627452,False,True,True,False,True,True,False
2021,9,SBCP→SBRJ,SBCP,CAMPOS DOS GOYTACAZES,RJ,SE,SBRJ,RIO DE JANEIRO,RJ,SE,17,1,17.0,0,0,0,0,0,0,0,0.058823529411764705,0.0,0.0,0.0,29.41176470588235,0.0,29.41176470588235,False,True,True,False,True,True,False
2021,10,SBSV→SBGL,SBSV,SALVADOR,BA,NE,SBGL,RIO DE JANEIRO,RJ,SE,134,5,134.0,40,34,10,0,3,0,0,0.03731343283582089,0.29850746268656714,0.2537313432835821,0.07462686567164178,18.656716417910445,89.55223880597015,108.2089552238806,False,True,True,True,False,True,False
2021,10,SBKP→SBBE,SBKP,CAMPINAS,SP,SE,SBBE,BELÉM,PA,N,86,3,86.0,28,10,0,0,0,0,0,0.03488372093023256,0.32558139534883723,0.11627906976744186,0.0,17.441860465116278,97.67441860465117,115.11627906976744,False,True,True,False,True,True,False
2021,10,SBCF→SBPA,SBCF,CONFINS,MG,SE,SBPA,PORTO ALEGRE,RS,S,29,0,29.0,3,2,0,0,0,0,0,0.0,0.10344827586206896,0.06896551724137931,0.0,0.0,31.03448275862069,31.03448275862069,False,True,True,True,False,True,False
2021,12,SBCF→SBBR,SBCF,CONFINS,MG,SE,SBBR,BRASÍLIA,DF,CO,295,3,295.0,176,139,67,0,3,0,0,0.010169491525423728,0.5966101694915255,0.4711864406779661,0.2271186440677966,5.084745762711864,178.98305084745763,184.0677966101695,False,True,True,True,False,True,False
2021,12,SBPA→SBSV,SBPA,PORTO ALEGRE,RS,S,SBSV,SALVADOR,BA,NE,36,0,36.0,11,10,3,0,0,0,0,0.0,0.3055555555555556,0.2777777777777778,0.08333333333333333,0.0,91.66666666666667,91.66666666666667,False,True,True,False,True,True,False
2021,12,SBCT→SBMO,SBCT,SÃO JOSÉ DOS PINHAIS,PR,S,SBMO,RIO LARGO,AL,NE,11,0,11.0,3,1,0,0,0,0,0,0.0,0.2727272727272727,0.09090909090909091,0.0,0.0,81.81818181818181,81.81818181818181,False,True,True,False,True,True,False
2021,12,SBRD→SBMG,SBRD,RONDONÓPOLIS,MT,CO,SBMG,MARINGÁ,PR,S,1,0,1.0,0,0,0,0,0,0,0,0.0,0.0,0.0,0.0,0.0,0.0,0.0,False,True,True,True,False,True,False
2021,12,SBSO→SBCG,SBSO,SORRISO,MT,CO,SBCG,CAMPO GRANDE,MS,CO,1,0,1.0,0,0,0,0,0,0,0,0.0,0.0,0.0,0.0,0.0,0.0,0.0,False,True,True,True,False,True,False
2022,2,SBBE→SBMQ,SBBE,BELÉM,PA,N,SBMQ,MACAPÁ,AP,N,116,0,116.0,74,26,8,0,0,0,0,0.0,0.6379310344827587,0.22413793103448276,0.06896551724137931,0.0,191.37931034482762,191.37931034482762,False,False,False,True,False,False,False
2022,2,SBKP→SBJP,SBKP,CAMPINAS,SP,SE,SBJP,SANTA RITA,PB,NE,19,0,19.0,0,0,0,0,0,0,0,0.0,0.0,0.0,0.0,0.0,0.0,0.0,False,False,False,True,False,False,False
2022,2,SBCH→SBCH,SBCH,CHAPECÓ,SC,S,SBCH,CHAPECÓ,SC,S,2,0,2.0,1,1,0,0,0,0,0,0.0,0.5,0.5,0.0,0.0,150.0,150.0,False,False,False,True,False,False,False
2022,3,SBRF→SBSG,SBRF,RECIFE,PE,NE,SBSG,SÃO GONÇALO DO AMARANTE,RN,NE,150,0,150.0,57,18,13,0,0,0,0,0.0,0.38,0.12,0.08666666666666667,0.0,114.0,114.0,False,False,False,True,False,False,False
2022,3,SBMO→SBFZ,SBMO,RIO LARGO,AL,NE,SBFZ,FORTALEZA,CE,NE,31,0,31.0,22,15,6,0,0,0,0,0.0,0.7096774193548387,0.4838709677419355,0.1935483870967742,0.0,212.90322580645162,212.90322580645162,False,False,False,True,False,False,False
2022,5,SBCF→SBPA,SBCF,CONFINS,MG,SE,SBPA,PORTO ALEGRE,RS,S,50,0,50.0,18,13,3,0,0,0,0,0.0,0.36,0.26,0.06,0.0,108.0,108.0,False,False,False,False,True,False,False
2022,5,SBGO→SBCG,SBGO,GOIÂNIA,GO,CO,SBCG,CAMPO GRANDE,MS,CO,22,2,22.0,3,2,0,0,0,0,0,0.09090909090909091,0.13636363636363635,0.09090909090909091,0.0,45.45454545454545,40.90909090909091,86.36363636363636,False,False,False,False,True,False,False
2022,7,SBBE→SBGR,SBBE,BELÉM,PA,N,SBGR,GUARULHOS,SP,SE,227,0,227.0,7,0,0,0,0,0,0,0.0,0.030837004405286344,0.0,0.0,0.0,9.251101321585903,9.251101321585903,False,False,False,False,True,False,False
2022,7,SBFZ→SBBV,SBFZ,FORTALEZA,CE,NE,SBBV,BOA VISTA,RR,N,1,0,1.0,1,1,0,0,0,0,0,0.0,1.0,1.0,0.0,0.0,300.0,300.0,False,False,False,False,True,False,False
2022,8,SBRP→SBGR,SBRP,RIBEIRÃO PRETO,SP,SE,SBGR,GUARULHOS,SP,SE,109,0,109.0,9,4,0,0,0,0,0,0.0,0.08256880733944955,0.03669724770642202,0.0,0.0,24.770642201834864,24.770642201834864,False,False,False,False,True,False,False
2022,8,SBMO→SBBR,SBMO,RIO LARGO,AL,NE,SBBR,BRASÍLIA,DF,CO,93,0,93.0,0,0,0,0,0,0,0,0.0,0.0,0.0,0.0,0.0,0.0,0.0,False,False,False,False,True,False,False
2022,8,SBKP→SBRD,SBKP,CAMPINAS,SP,SE,SBRD,RONDONÓPOLIS,MT,CO,27,0,0.0,0,0,0,0,0,27,0,0.0,,,,0.0,,0.0,False,False,False,False,True,False,False
2022,9,SBCG→SBGO,SBCG,CAMPO GRANDE,MS,CO,SBGO,GOIÂNIA,GO,CO,21,0,21.0,1,1,0,0,0,0,0,0.0,0.047619047619047616,0.047619047619047616,0.0,0.0,14.285714285714285,14.285714285714285,False,False,False,False,True,False,False
2022,9,SBUR→SBGR,SBUR,UBERABA,MG,SE,SBGR,GUARULHOS,SP,SE,11,0,11.0,5,5,2,0,0,0,0,0.0,0.45454545454545453,0.45454545454545453,0.18181818181818182,0.0,136.36363636363635,136.36363636363635,False,False,False,False,True,False,False
2022,10,SBCY→SBSP,SBCY,VÁRZEA GRANDE,MT,CO,SBSP,SÃO PAULO,SP,SE,119,4,119.0,31,16,0,0,4,0,0,0.03361344537815126,0.2605042016806723,0.13445378151260504,0.0,16.80672268907563,78.15126050420169,94.95798319327731,False,False,False,True,False,False,False
2022,10,SBGR→SBCX,SBGR,GUARULHOS,SP,SE,SBCX,CAXIAS DO SUL,RS,S,84,7,84.0,23,14,6,0,5,0,0,0.08333333333333333,0.27380952380952384,0.16666666666666666,0.07142857142857142,41.666666666666664,82.14285714285715,123.80952380952382,False,False,False,True,False,False,False
2022,10,SBUL→SBSP,SBUL,UBERLÂNDIA,MG,SE,SBSP,SÃO PAULO,SP,SE,33,0,33.0,9,5,0,0,0,0,0,0.0,0.2727272727272727,0.15151515151515152,0.0,0.0,81.81818181818181,81.81818181818181,False,False,False,True,False,False,False
2022,11,SBPA→SBCF,SBPA,PORTO ALEGRE,RS,S,SBCF,CONFINS,MG,SE,63,1,63.0,28,20,8,0,0,0,0,0.015873015873015872,0.4444444444444444,0.31746031746031744,0.12698412698412698,7.936507936507936,133.33333333333331,141.26984126984124,False,False,False,True,False,False,False
2022,12,SBGR→SBMO,SBGR,GUARULHOS,SP,SE,SBMO,RIO LARGO,AL,NE,198,0,198.0,12,5,0,0,0,0,0,0.0,0.06060606060606061,0.025252525252525252,0.0,0.0,18.181818181818183,18.181818181818183,False,False,False,False,True,False,False
2022,12,SBKP→SBSV,SBKP,CAMPINAS,SP,SE,SBSV,SALVADOR,BA,NE,183,1,183.0,28,17,6,0,0,0,0,0.00546448087431694,0.15300546448087432,0.09289617486338798,0.03278688524590164,2.73224043715847,45.90163934426229,48.63387978142076,False,False,False,False,True,False,False
2022,12,SBRF→SBGO,SBRF,RECIFE,PE,NE,SBGO,GOIÂNIA,GO,CO,38,0,38.0,29,24,6,0,0,0,0,0.0,0.7631578947368421,0.631578947368421,0.15789473684210525,0.0,228.94736842105263,228.94736842105263,False,False,False,True,False,False,False
2022,12,SBTU→SBBE,SBTU,TUCURUÍ,PA,N,SBBE,BELÉM,PA,N,3,0,3.0,3,3,0,0,0,0,0,0.0,1.0,1.0,0.0,0.0,300.0,300.0,False,False,False,True,False,False,False
2022,12,SBIZ→SBIZ,SBIZ,IMPERATRIZ,MA,NE,SBIZ,IMPERATRIZ,MA,NE,1,0,1.0,0,0,0,0,0,0,0,0.0,0.0,0.0,0.0,0.0,0.0,0.0,False,False,False,False,True,False,False
2022,12,SBUR→SBUL,SBUR,UBERABA,MG,SE,SBUL,UBERLÂNDIA,MG,SE,1,0,1.0,1,1,1,0,0,0,0,0.0,1.0,1.0,1.0,0.0,300.0,300.0,False,False,False,True,False,False,False
2023,1,SBKP→SBPJ,SBKP,CAMPINAS,SP,SE,SBPJ,PALMAS,TO,N,25,2,25.0,13,5,2,0,0,0,0,0.08,0.52,0.2,0.08,40.0,156.0,196.0,False,False,False,True,False,False,False
2023,2,SBSP→SBFI,SBSP,SÃO PAULO,SP,SE,SBFI,FOZ DO IGUAÇU,PR,S,105,0,105.0,42,27,12,0,0,0,0,0.0,0.4,0.2571428571428571,0.11428571428571428,0.0,120.0,120.0,False,False,False,True,False,False,False
2023,2,SBGL→SBPS,SBGL,RIO DE JANEIRO,RJ,SE,SBPS,PORTO SEGURO,BA,NE,28,0,28.0,2,1,0,0,0,0,0,0.0,0.07142857142857142,0.03571428571428571,0.0,0.0,21.428571428571427,21.428571428571427,False,False,False,True,False,False,False
2023,2,SBAR→SBBR,SBAR,ARACAJU,SE,NE,SBBR,BRASÍLIA,DF,CO,26,0,26.0,4,1,0,0,0,0,0,0.0,0.15384615384615385,0.038461538461538464,0.0,0.0,46.15384615384615,46.15384615384615,False,False,False,True,False,False,False
2023,3,SBCT→SBLO,SBCT,SÃO JOSÉ DOS PINHAIS,PR,S,SBLO,LONDRINA,PR,S,70,8,70.0,26,10,1,0,3,0,0,0.11428571428571428,0.37142857142857144,0.14285714285714285,0.014285714285714285,57.14285714285714,111.42857142857143,168.57142857142856,False,False,False,True,False,False,False
2023,3,SBUL→SBMO,SBUL,UBERLÂNDIA,MG,SE,SBMO,RIO LARGO,AL,NE,4,0,4.0,1,1,0,0,0,0,0,0.0,0.25,0.25,0.0,0.0,75.0,75.0,False,False,False,True,False,False,False
2023,4,SBBE→SBCF,SBBE,BELÉM,PA,N,SBCF,CONFINS,MG,SE,74,1,74.0,6,2,2,0,1,0,0,0.013513513513513514,0.08108108108108109,0.02702702702702703,0.02702702702702703,6.756756756756757,24.324324324324326,31.081081081081084,False,False,False,False,True,False,False
2023,5,SBBV→SBBR,SBBV,BOA VISTA,RR,N,SBBR,BRASÍLIA,DF,CO,65,0,65.0,0,0,0,0,0,0,0,0.0,0.0,0.0,0.0,0.0,0.0,0.0,False,False,False,False,True,False,False
2023,5,SBRB→SBGR,SBRB,RIO BRANCO,AC,N,SBGR,GUARULHOS,SP,SE,14,0,14.0,0,0,0,0,0,0,0,0.0,0.0,0.0,0.0,0.0,0.0,0.0,False,False,False,False,True,False,False
2023,6,SBLO→SBGR,SBLO,LONDRINA,PR,S,SBGR,GUARULHOS,SP,SE,108,4,108.0,7,7,0,0,1,0,0,0.037037037037037035,0.06481481481481481,0.06481481481481481,0.0,18.51851851851852,19.444444444444443,37.96296296296296,False,False,False,False,True,False,False
2023,6,SBPS→SBSV,SBPS,PORTO SEGURO,BA,NE,SBSV,SALVADOR,BA,NE,38,5,38.0,11,8,3,0,0,0,0,0.13157894736842105,0.2894736842105263,0.21052631578947367,0.07894736842105263,65.78947368421052,86.8421052631579,152.63157894736844,False,False,False,True,False,False,False
2023,7,SBFZ→SBKG,SBFZ,FORTALEZA,CE,NE,SBKG,CAMPINA GRANDE,PB,NE,22,2,22.0,1,1,0,0,0,0,0,0.09090909090909091,0.045454545454545456,0.045454545454545456,0.0,45.45454545454545,13.636363636363637,59.09090909090909,False,False,False,False,True,False,False
2023,7,SBMO→SBPS,SBMO,RIO LARGO,AL,NE,SBPS,PORTO SEGURO,BA,NE,1,0,1.0,0,0,0,0,0,0,0,0.0,0.0,0.0,0.0,0.0,0.0,0.0,False,False,False,False,True,False,False
2023,8,SBBR→SBSL,SBBR,BRASÍLIA,DF,CO,SBSL,SÃO LUÍS,MA,NE,63,0,63.0,4,0,0,0,0,0,0,0.0,0.06349206349206349,0.0,0.0,0.0,19.047619047619047,19.047619047619047,False,False,False,False,True,False,False
2023,8,SBGL→SBFI,SBGL,RIO DE JANEIRO,RJ,SE,SBFI,FOZ DO IGUAÇU,PR,S,52,0,52.0,8,5,0,0,0,0,0,0.0,0.15384615384615385,0.09615384615384616,0.0,0.0,46.15384615384615,46.15384615384615,False,False,False,False,True,False,False
2023,8,SBCJ→SBCF,SBCJ,PARAUAPEBAS,PA,N,SBCF,CONFINS,MG,SE,51,0,51.0,4,4,0,0,0,0,0,0.0,0.0784313725490196,0.0784313725490196,0.0,0.0,23.52941176470588,23.52941176470588,False,False,False,False,True,False,False
2023,9,SBCF→SBSV,SBCF,CONFINS,MG,SE,SBSV,SALVADOR,BA,NE,173,5,173.0,11,0,0,0,0,0,0,0.028901734104046242,0.06358381502890173,0.0,0.0,14.45086705202312,19.07514450867052,33.52601156069364,False,False,False,False,True,False,False
2023,9,SBSG→SBGL,SBSG,SÃO GONÇALO DO AMARANTE,RN,NE,SBGL,RIO DE JANEIRO,RJ,SE,59,0,59.0,7,3,0,0,0,0,0,0.0,0.11864406779661017,0.05084745762711865,0.0,0.0,35.59322033898305,35.59322033898305,False,False,False,False,True,False,False
2023,9,SBCT→SBPO,SBCT,SÃO JOSÉ DOS PINHAIS,PR,S,SBPO,PATO BRANCO,PR,S,26,2,0.0,0,0,0,0,0,26,0,0.07692307692307693,,,,38.46153846153847,,38.46153846153847,False,False,False,True,False,False,False
2023,9,SBPJ→SBCF,SBPJ,PALMAS,TO,N,SBCF,CONFINS,MG,SE,16,0,16.0,1,1,0,0,0,0,0,0.0,0.0625,0.0625,0.0,0.0,18.75,18.75,False,False,False,False,True,False,False
2023,11,SBKP→SBGR,SBKP,CAMPINAS,SP,SE,SBGR,GUARULHOS,SP,SE,7,0,7.0,1,1,0,0,0,0,0,0.0,0.14285714285714285,0.14285714285714285,0.0,0.0,42.857142857142854,42.857142857142854,False,False,False,True,False,False,False
2023,11,SBCG→SBCG,SBCG,CAMPO GRANDE,MS,CO,SBCG,CAMPO GRANDE,MS,CO,1,0,1.0,0,0,0,0,0,0,0,0.0,0.0,0.0,0.0,0.0,0.0,0.0,False,False,False,True,False,False,False
2023,12,SBKP→SBRJ,SBKP,CAMPINAS,SP,SE,SBRJ,RIO DE JANEIRO,RJ,SE,214,1,214.0,30,29,0,0,1,0,0,0.004672897196261682,0.14018691588785046,0.13551401869158877,0.0,2.336448598130841,42.05607476635514,44.39252336448598,False,False,False,True,False,False,False
2024,1,SBGR→SBSV,SBGR,GUARULHOS,SP,SE,SBSV,SALVADOR,BA,NE,396,4,396.0,88,64,38,0,1,0,0,0.010101010101010102,0.2222222222222222,0.16161616161616163,0.09595959595959595,5.050505050505051,66.66666666666666,71.71717171717171,False,False,False,True,False,False,False
2024,2,SBCY→SBCT,SBCY,VÁRZEA GRANDE,MT,CO,SBCT,SÃO JOSÉ DOS PINHAIS,PR,S,37,0,37.0,14,10,0,0,0,0,0,0.0,0.3783783783783784,0.2702702702702703,0.0,0.0,113.51351351351352,113.51351351351352,False,False,False,True,False,False,False
2024,2,SBML→SBKP,SBML,MARÍLIA,SP,SE,SBKP,CAMPINAS,SP,SE,37,7,37.0,10,4,3,0,3,0,0,0.1891891891891892,0.2702702702702703,0.10810810810810811,0.08108108108108109,94.5945945945946,81.08108108108108,175.67567567567568,False,False,False,True,False,False,False
2024,3,SBMO→SBGO,SBMO,RIO LARGO,AL,NE,SBGO,GOIÂNIA,GO,CO,9,0,9.0,2,2,0,0,0,0,0,0.0,0.2222222222222222,0.2222222222222222,0.0,0.0,66.66666666666666,66.66666666666666,False,False,False,True,False,False,False
2024,4,SBBE→SBBV,SBBE,BELÉM,PA,N,SBBV,BOA VISTA,RR,N,30,2,30.0,9,6,1,0,1,0,0,0.06666666666666667,0.3,0.2,0.03333333333333333,33.333333333333336,90.0,123.33333333333334,False,False,False,True,False,False,False
2024,4,SBPS→SBPS,SBPS,PORTO SEGURO,BA,NE,SBPS,PORTO SEGURO,BA,NE,1,0,1.0,0,0,0,0,0,0,0,0.0,0.0,0.0,0.0,0.0,0.0,0.0,False,False,False,True,False,False,False
2024,5,SBKP→SBNM,SBKP,CAMPINAS,SP,SE,SBNM,SANTO ÂNGELO,RS,S,10,1,10.0,3,1,1,1,0,0,0,0.1,0.3,0.1,0.1,50.0,90.0,140.0,False,False,False,False,True,False,False
2024,8,SBCY→SBBR,SBCY,VÁRZEA GRANDE,MT,CO,SBBR,BRASÍLIA,DF,CO,123,1,123.0,0,0,0,0,0,0,0,0.008130081300813009,0.0,0.0,0.0,4.065040650406504,0.0,4.065040650406504,False,False,False,False,True,False,False
2024,8,SBMO→SBSP,SBMO,RIO LARGO,AL,NE,SBSP,SÃO PAULO,SP,SE,73,0,73.0,14,8,6,0,0,0,0,0.0,0.1917808219178082,0.1095890410958904,0.0821917808219178,0.0,57.534246575342465,57.534246575342465,False,False,False,False,True,False,False
2024,8,SBFL→SBUG,SBFL,FLORIANÓPOLIS,SC,S,SBUG,URUGUAIANA,RS,S,5,1,5.0,1,1,1,0,0,0,0,0.2,0.2,0.2,0.2,100.0,60.0,160.0,False,False,False,False,True,False,False
2024,9,SBKP→SBPJ,SBKP,CAMPINAS,SP,SE,SBPJ,PALMAS,TO,N,24,2,24.0,0,0,0,0,0,0,0,0.08333333333333333,0.0,0.0,0.0,41.666666666666664,0.0,41.666666666666664,False,False,False,False,True,False,False
2024,9,SBJU→SBBR,SBJU,JUAZEIRO DO NORTE,CE,NE,SBBR,BRASÍLIA,DF,CO,18,0,18.0,0,0,0,0,0,0,0,0.0,0.0,0.0,0.0,0.0,0.0,0.0,False,False,False,False,True,False,False
2024,9,SBDB→SBSP,SBDB,BONITO,MS,CO,SBSP,SÃO PAULO,SP,SE,8,0,8.0,0,0,0,0,0,0,0,0.0,0.0,0.0,0.0,0.0,0.0,0.0,False,False,False,False,True,False,False
2024,10,SBKG→SBRF,SBKG,CAMPINA GRANDE,PB,NE,SBRF,RECIFE,PE,NE,48,2,48.0,2,0,0,0,0,0,0,0.041666666666666664,0.041666666666666664,0.0,0.0,20.833333333333332,12.5,33.33333333333333,False,False,False,False,True,False,False
2024,11,SBBR→SBJU,SBBR,BRASÍLIA,DF,CO,SBJU,JUAZEIRO DO NORTE,CE,NE,18,1,18.0,0,0,0,0,0,0,0,0.05555555555555555,0.0,0.0,0.0,27.777777777777775,0.0,27.777777777777775,False,False,False,False,True,False,False
2024,12,SBGR→SBPS,SBGR,GUARULHOS,SP,SE,SBPS,PORTO SEGURO,BA,NE,185,9,185.0,5,5,0,0,0,0,0,0.04864864864864865,0.02702702702702703,0.02702702702702703,0.0,24.324324324324326,8.108108108108109,32.432432432432435,False,False,False,False,True,False,False
2024,12,SBSP→SBMG,SBSP,SÃO PAULO,SP,SE,SBMG,MARINGÁ,PR,S,69,0,69.0,25,20,13,4,0,0,0,0.0,0.36231884057971014,0.2898550724637681,0.18840579710144928,0.0,108.69565217391305,108.69565217391305,False,False,False,True,False,False,False
2024,12,SBPS→SBCY,SBPS,PORTO SEGURO,BA,NE,SBCY,VÁRZEA GRANDE,MT,CO,6,0,6.0,3,1,0,0,0,0,0,0.0,0.5,0.16666666666666666,0.0,0.0,150.0,150.0,False,False,False,True,False,False,False
2025,1,SBPV→SBJI,SBPV,PORTO VELHO,RO,N,SBJI,JI-PARANÁ,RO,N,4,0,0.0,0,0,0,0,0,4,0,0.0,,,,0.0,,0.0,False,False,False,True,False,False,False
2025,1,SBFN→SBFN,SBFN,FERNANDO DE NORONHA,PE,NE,SBFN,FERNANDO DE NORONHA,PE,NE,1,0,1.0,0,0,0,0,0,0,0,0.0,0.0,0.0,0.0,0.0,0.0,0.0,False,False,False,True,False,False,False
2025,2,SBPA→SBGL,SBPA,PORTO ALEGRE,RS,S,SBGL,RIO DE JANEIRO,RJ,SE,220,1,220.0,24,0,0,0,0,0,0,0.004545454545454545,0.10909090909090909,0.0,0.0,2.2727272727272725,32.72727272727273,35.0,False,False,False,True,False,False,False
2025,2,SBBR→SBPA,SBBR,BRASÍLIA,DF,CO,SBPA,PORTO ALEGRE,RS,S,115,3,115.0,16,0,0,0,0,0,0,0.02608695652173913,0.1391304347826087,0.0,0.0,13.043478260869565,41.73913043478261,54.78260869565217,False,False,False,True,False,False,False
2025,2,SBBR→SBJP,SBBR,BRASÍLIA,DF,CO,SBJP,SANTA RITA,PB,NE,77,0,77.0,12,9,3,0,0,0,0,0.0,0.15584415584415584,0.11688311688311688,0.03896103896103896,0.0,46.75324675324675,46.75324675324675,False,False,False,True,False,False,False
2025,3,SBKP→SBCA,SBKP,CAMPINAS,SP,SE,SBCA,CASCAVEL,PR,S,50,1,50.0,11,6,0,0,1,0,0,0.02,0.22,0.12,0.0,10.0,66.0,76.0,False,False,False,True,False,False,False
2025,3,SBMA→SBCF,SBMA,MARABÁ,PA,N,SBCF,CONFINS,MG,SE,32,2,32.0,7,5,0,0,0,0,0,0.0625,0.21875,0.15625,0.0,31.25,65.625,96.875,False,False,False,True,False,False,False
2025,3,SBSV→SBCT,SBSV,SALVADOR,BA,NE,SBCT,SÃO JOSÉ DOS PINHAIS,PR,S,1,0,1.0,0,0,0,0,0,0,0,0.0,0.0,0.0,0.0,0.0,0.0,0.0,False,False,False,True,False,False,False
2025,4,SBBR→SBSP,SBBR,BRASÍLIA,DF,CO,SBSP,SÃO PAULO,SP,SE,775,14,775.0,262,112,30,0,4,0,0,0.01806451612903226,0.33806451612903227,0.14451612903225808,0.03870967741935484,9.03225806451613,101.41935483870968,110.45161290322581,False,False,False,False,True,False,False
2025,4,SBFI→SBUL,SBFI,FOZ DO IGUAÇU,PR,S,SBUL,UBERLÂNDIA,MG,SE,1,0,1.0,1,0,0,0,0,0,0,0.0,1.0,0.0,0.0,0.0,300.0,300.0,False,False,False,False,True,False,False
2025,5,SBSP→SBNF,SBSP,SÃO PAULO,SP,SE,SBNF,NAVEGANTES,SC,S,274,3,274.0,31,0,0,0,0,0,0,0.010948905109489052,0.11313868613138686,0.0,0.0,5.474452554744526,33.941605839416056,39.41605839416058,False,False,False,False,True,False,False
2025,5,SBUL→SBMO,SBUL,UBERLÂNDIA,MG,SE,SBMO,RIO LARGO,AL,NE,9,0,9.0,4,4,2,0,0,0,0,0.0,0.4444444444444444,0.4444444444444444,0.2222222222222222,0.0,133.33333333333331,133.33333333333331,False,False,False,True,False,False,False
2025,6,SBBE→SBSN,SBBE,BELÉM,PA,N,SBSN,SANTARÉM,PA,N,86,0,86.0,57,29,4,0,0,0,0,0.0,0.6627906976744186,0.3372093023255814,0.046511627906976744,0.0,198.83720930232556,198.83720930232556,False,False,False,False,True,False,False
2025,6,SBCF→SBTC,SBCF,CONFINS,MG,SE,SBTC,UNA,BA,NE,5,0,5.0,0,0,0,0,0,0,0,0.0,0.0,0.0,0.0,0.0,0.0,0.0,False,False,False,True,False,False,False
2025,7,SBKP→SBRF,SBKP,CAMPINAS,SP,SE,SBRF,RECIFE,PE,NE,201,1,201.0,89,25,6,0,1,0,0,0.004975124378109453,0.4427860696517413,0.12437810945273632,0.029850746268656716,2.487562189054726,132.83582089552237,135.3233830845771,False,False,False,False,True,False,False
2025,7,SBMO→SBKP,SBMO,RIO LARGO,AL,NE,SBKP,CAMPINAS,SP,SE,89,2,89.0,2,0,0,0,0,0,0,0.02247191011235955,0.02247191011235955,0.0,0.0,11.235955056179774,6.741573033707865,17.977528089887638,False,False,False,False,True,False,False
2025,7,SBJP→SBUL,SBJP,SANTA RITA,PB,NE,SBUL,UBERLÂNDIA,MG,SE,4,0,4.0,0,0,0,0,0,0,0,0.0,0.0,0.0,0.0,0.0,0.0,0.0,False,False,False,False,True,False,False
2025,8,SBBR→SBAR,SBBR,BRASÍLIA,DF,CO,SBAR,ARACAJU,SE,NE,31,0,31.0,8,2,2,0,0,0,0,0.0,0.25806451612903225,0.06451612903225806,0.06451612903225806,0.0,77.41935483870968,77.41935483870968,False,False,False,False,True,False,False
2025,8,SBSN→SBTB,SBSN,SANTARÉM,PA,N,SBTB,ORIXIMINÁ,PA,N,8,0,8.0,1,1,0,0,0,0,0,0.0,0.125,0.125,0.0,0.0,37.5,37.5,False,False,False,False,True,False,False
2025,8,SBFI→SBCF,SBFI,FOZ DO IGUAÇU,PR,S,SBCF,CONFINS,MG,SE,6,0,6.0,0,0,0,0,0,0,0,0.0,0.0,0.0,0.0,0.0,0.0,0.0,False,False,False,False,True,False,False
2025,9,SBGR→SBCY,SBGR,GUARULHOS,SP,SE,SBCY,VÁRZEA GRANDE,MT,CO,282,2,282.0,10,0,0,0,0,0,0,0.0070921985815602835,0.03546099290780142,0.0,0.0,3.5460992907801416,10.638297872340427,14.184397163120568,False,False,False,False,True,False,False
2025,9,SBBR→SBCG,SBBR,BRASÍLIA,DF,CO,SBCG,CAMPO GRANDE,MS,CO,60,0,60.0,4,2,0,0,0,0,0,0.0,0.06666666666666667,0.03333333333333333,0.0,0.0,20.0,20.0,False,False,False,False,True,False,False
2025,9,SBRF→SBSL,SBRF,RECIFE,PE,NE,SBSL,SÃO LUÍS,MA,NE,56,0,56.0,0,0,0,0,0,0,0,0.0,0.0,0.0,0.0,0.0,0.0,0.0,False,False,False,False,True,False,False
2025,9,SBMA→SBCF,SBMA,MARABÁ,PA,N,SBCF,CONFINS,MG,SE,26,0,26.0,1,1,0,0,0,0,0,0.0,0.038461538461538464,0.038461538461538464,0.0,0.0,11.538461538461538,11.538461538461538,False,False,False,False,True,False,False
2025,10,SBAR→SBRF,SBAR,ARACAJU,SE,NE,SBRF,RECIFE,PE,NE,67,0,67.0,7,2,0,0,0,0,0,0.0,0.1044776119402985,0.029850746268656716,0.0,0.0,31.34328358208955,31.34328358208955,False,False,False,False,True,False,False
2025,12,SBSJ→SBKP,SBSJ,SÃO JOSÉ DOS CAMPOS,SP,SE,SBKP,CAMPINAS,SP,SE,19,4,19.0,7,2,1,0,0,0,0,0.21052631578947367,0.3684210526315789,0.10526315789473684,0.05263157894736842,105.26315789473684,110.52631578947368,215.78947368421052,False,False,False,True,False,False,False
